c=[1 2 3]; 
D=[4 5 6]';
F=[ 1 2 3; 4 5 6];